"Output28","C1","C2","C3","C4","C5","C6","C7","C8","C9","C10","C11"
"Class3",18,68.318,45,91.646,40.136,62.604,"Y",62.542,62,67.114,"Q"
"Class3",16,85.217,53,69.721,42.566,64.557,"A",63.799,63,68.041,"K"
"Class4",97,23.375,51,5.717,73.118,25.398,"Z",77.997,52,35.241,"B"
"Class3",53,70.055,61,63.648,37.678,56.687,"K",57.398,61,56.89,"M"
"Class2",48,36.136,27,98.451,67.106,81.905,"M",59.304,65,2.138,"E"
"Class4",87,27.068,79,12.945,91.243,70.869,"C",39.514,13,27.264,"O"
"Class5",84,53.537,30,16.502,64.935,52.023,"H",88.955,75,78.149,"P"
"Class4",95,36.241,51,9.661,62.011,40.782,"N",12.575,49,21.142,"O"
"Class4",87,40.6,76,13,83.305,34.566,"P",21.781,33,31.017,"H"
"Class4",88,40.281,52,13.726,60.408,21.418,"N",82.948,26,28.07,"Q"
"Class1",16,90.929,58,77.523,63.409,23.021,"X",92.49,43,17.326,"Y"
"Class2",47,42.988,27,70.567,78.12,84.176,"R",61.855,67,9.153,"F"
"Class1",59,73.521,69,26.055,22.678,18.533,"K",94.356,66,17.775,"Q"
"Class4",88,41.033,47,7.053,78.55,62.618,"Z",58.348,35,NA,"H"
"Class5",84,60.08,45,15.875,77.791,60.272,"A",21.755,76,77.628,"P"
"Class1",12,86.434,70,45.971,NA,7.296,"X",92.187,55,17.028,"P"
"Class3",53,63.427,67,84.361,49.81,41.185,"W",57.439,62,76.352,"Q"
"Class1",38,68.751,59,83.078,NA,17.73,"X",94.629,61,17.481,"G"
"Class1",20,84.646,62,55.093,24.962,19.592,"X",94.658,62,17.636,"P"
"Class1",20,88.034,62,79.082,45.843,16.906,"X",92.501,52,17.521,"G"
"Class3",29,59.082,59,69.971,32.291,50.429,"A",42.248,58,65.187,"K"
"Class4",88,29.632,39,18.811,55.362,47.105,"N",43.103,48,NA,"B"
"Class3",37,75.41,68,62.85,NA,48.241,"Y",37.32,62,NA,"M"
"Class4",98,30.037,76,22.8,94.057,45.553,"P",15.802,44,30.722,"B"
"Class5",81,59.504,37,26.033,67.951,69.553,"D",40.457,66,78.186,"M"
"Class3",57,82.164,36,91.847,54.443,53.65,"W",14.087,60,NA,"M"
"Class3",32,87.933,48,78.977,31.679,22.42,"W",31.38,61,49.995,"A"
"Class2",42,25.12,26,65.841,67.829,82.913,"C",68.938,83,9.692,"E"
"Class2",42,19.044,27,93.074,84.669,84.842,"H",65.162,58,13.29,"S"
"Class2",33,30.077,25,77.45,75.152,83.671,"C",69.412,79,4.837,"C"
"Class3",44,52.721,29,83.532,30.604,51.951,"Y",14.939,62,69.57,"Q"
"Class1",35,60.296,74,35.378,18.579,21.456,"X",93.202,51,17.309,"V"
"Class2",34,12.752,26,85.999,77.916,83.056,"X",68.754,34,11.679,"F"
"Class5",74,69.523,33,19.07,57.411,93.637,"Y",36.392,57,80.45,"M"
"Class2",32,1.968,27,86.963,71.766,81.076,"M",69.822,29,6.651,"F"
"Class2",52,2.766,25,83.373,83.023,83.119,"M",61.503,82,-0.472,"D"
"Class2",41,26.183,27,72.193,72.099,82.207,"H",60.887,82,8.98,"F"
"Class4",90,34.453,76,21.472,83.357,38.233,"Z",68.83,31,12.944,"B"
"Class4",90,32.803,66,19.378,75.268,31.314,"C",13.522,61,15.73,"B"
"Class2",37,15.856,25,68.99,68.777,82.943,"R",60.465,32,11.699,"S"
"Class4",96,31.871,31,10.459,72.614,23.275,"P",96.086,17,57.529,"Q"
"Class2",46,46.12,26,98.426,83.269,81.982,"M",69.822,56,17.968,"D"
"Class1",38,96.676,61,58.947,26.364,25.362,"X",92.103,59,17.618,"Q"
"Class5",81,54.098,36,35.057,NA,54.975,"D",67.695,82,78.647,"M"
"Class5",82,67.786,34,16.844,73.056,80.156,"A",20.391,74,78.437,"P"
"Class5",83,65.407,25,21.51,73.681,78.473,"D",90.667,83,78.688,"M"
"Class3",58,50.744,55,75.962,33.279,48.929,"A",56.465,63,63.961,"Q"
"Class2",32,15.403,26,85.286,80.865,82.891,"C",70.873,49,5.587,"E"
"Class5",84,64.261,38,12.439,29.183,42.594,"H",59.455,74,79.253,"M"
"Class3",34,59.058,73,62.708,48.65,52.071,"F",41.433,63,64.313,"M"
"Class5",77,60.554,35,23.002,43.845,59.287,"A",92.02,79,75.703,"W"
"Class5",74,72.765,30,12.758,16.042,71.61,"A",69.646,64,73.635,"J"
"Class2",46,22.06,27,70.32,69.108,82.927,"H",65.304,41,6.747,"E"
"Class4",94,19.548,21,9.622,73.631,49.148,"N",84.651,47,41.979,"H"
"Class2",35,22.948,27,78.253,84.904,82.042,"H",65.223,61,4.677,"C"
"Class2",51,42.295,27,78.258,81.005,81.59,"R",69.359,45,15.785,"C"
"Class2",52,38.484,26,86.14,82.912,84.501,"M",68.174,40,11.023,"F"
"Class2",30,29.723,25,79.175,86.808,82.588,"C",58.339,51,1.846,"S"
"Class3",46,57.005,63,67.086,39.923,66.916,"K",29.225,61,53.685,"A"
"Class1",54,67.62,61,44.786,63.598,13.823,"I",93.321,51,17.589,"V"
"Class5",82,77.175,39,28.522,61.17,62.222,"D",70.073,66,77.208,"P"
"Class5",82,54.306,31,26.224,62.579,79.558,"H",23.029,81,81.061,"W"
"Class3",26,72.626,30,79.382,39.137,74.02,"Y",13.786,63,74.373,"E"
"Class4",96,34.244,77,13.06,74.481,15.536,"V",76.677,47,6.19,"B"
"Class5",81,63.733,48,12.932,74.235,75.361,"H",50.145,82,77.662,"P"
"Class1",10,62.67,67,45.199,63.123,8.552,"H",94.726,48,16.946,"V"
"Class4",90,41.191,61,13.081,83.032,53.854,"V",80.121,68,-0.029,"H"
"Class2",38,-1.996,26,70.65,71.482,82,"M",61.653,29,8.541,"F"
"Class4",98,32.399,6,11.233,80.392,64.395,"V",97.274,15,33.578,"Q"
"Class2",47,30.239,26,86.485,67.363,82.21,"M",61.071,41,8.061,"C"
"Class1",46,72.147,59,44.511,15.498,16.039,"H",94.69,64,17.722,"G"
"Class3",70,73.408,60,63.741,40.536,56.21,"K",77.361,61,100.637,"A"
"Class3",38,47.387,56,73.739,40.936,62.75,"Y",28.935,58,73.581,"Q"
"Class5",81,65.701,45,12.95,19.097,60.363,"K",61.891,82,75.276,"M"
"Class2",42,7.182,25,89.676,69.736,82.655,"M",60.609,43,16.258,"C"
"Class3",58,59.744,34,89.934,46.059,60.459,"K",26.996,59,78.175,"E"
"Class5",84,65.539,41,19.517,43.507,66.2,"H",40.357,70,80.019,"P"
"Class2",33,10.056,25,63.426,83.094,82.539,"R",62.302,48,8.807,"F"
"Class5",79,65.495,43,18.084,40.805,69.859,"K",66.416,59,78.381,"P"
"Class1",40,74.052,67,86.188,55.771,20.633,"X",92.316,64,17.579,"V"
"Class2",52,29.315,27,78.636,80.424,80.636,"C",59.278,53,15.975,"S"
"Class3",39,67.522,60,85.141,51.196,82.267,"W",26.734,61,96.228,"Q"
"Class4",95,33.727,33,12.068,56.763,60.519,"N",17.119,58,56.518,"Q"
"Class5",74,70.459,27,15.825,66.842,73.331,"A",58.685,73,81.424,"P"
"Class2",50,41.493,25,90.988,75.619,82.3,"X",59.775,74,13.135,"D"
"Class2",49,28.864,26,61.08,81.714,82.229,"H",70.434,77,14.449,"E"
"Class3",32,89.906,61,79.232,39.825,64.346,"W",24.735,60,86.353,"Q"
"Class3",39,70.758,59,91.706,32.676,41.905,"W",25.524,58,81.18,"K"
"Class3",28,76.11,67,83.263,33.285,41.063,"W",57.884,61,NA,"K"
"Class4",98,33.737,19,19.589,61.078,33.998,"N",85.372,64,14.328,"B"
"Class5",79,64.22,24,31.176,59.889,72.925,"H",70.892,67,75.67,"I"
"Class1",48,73.907,70,22.944,60.896,24.418,"H",93.092,44,17.092,"Y"
"Class2",38,7.712,26,64.618,76.514,80.67,"M",64.562,43,13.426,"E"
"Class1",12,80.69,63,52.526,36.977,11.283,"I",93.468,53,17.231,"P"
"Class3",71,61.556,41,69.399,38.176,55.671,"F",48.162,61,55.708,"M"
"Class4",91,20.27,63,21.518,91.36,53.279,"Z",27.255,27,5.141,"I"
"Class2",50,22.635,27,74.819,83.569,82.437,"C",65.907,72,7.65,"S"
"Class3",44,64.629,66,87.435,35.339,52.896,"Y",30.222,59,62.164,"K"
"Class5",82,50.608,25,34.406,68.295,80.674,"Y",36.333,69,77.704,"M"
"Class4",92,27.16,73,4.644,74.35,45.366,"N",13.966,37,23.015,"Q"
"Class5",76,64.244,45,12.738,52.466,75.578,"H",40.415,60,74.881,"P"
"Class2",38,5.839,25,90.103,84.522,84.114,"R",57.2,38,11.598,"D"
"Class3",21,73.325,36,74.756,38.89,40.494,"K",68.316,63,55.361,"E"
"Class4",90,35.308,40,18.328,79.709,27.362,"P",58.397,66,12.058,"O"
"Class2",44,30.394,25,84.912,74.705,82.587,"R",60.884,62,5.445,"F"
"Class3",39,75.11,66,90.35,34.006,47.92,"Y",20.985,58,63.934,"M"
"Class5",81,61.084,23,32.338,NA,59.603,"D",29.723,83,77.073,"I"
"Class5",78,66.579,22,11.879,13.574,77.314,"D",42.746,78,81.657,"I"
"Class3",42,79.45,44,88.546,40.719,70.43,"A",22.57,63,104.466,"M"
"Class4",88,21.845,80,6.12,79.542,52.455,"Z",20.101,59,26.697,"I"
"Class3",61,61.3,30,88.565,39.402,44.561,"A",71.336,58,67.699,"K"
"Class3",56,69.256,77,84.523,NA,52.664,"A",37.964,58,77.969,"K"
"Class4",88,21.226,18,22.821,91.639,36.671,"N",57.054,31,28.286,"I"
"Class4",92,28.179,30,21.932,88.978,22.516,"P",23.651,62,36.366,"I"
"Class5",75,58.198,31,34.299,25.628,76.644,"Y",91.196,60,77.973,"W"
"Class3",53,74.084,67,77.34,36.136,66.43,"W",44.485,58,63.49,"M"
"Class5",83,61.365,49,33.606,47.134,89.77,"Y",89.143,62,80.246,"W"
"Class2",33,17.433,26,87.673,86.394,82.803,"M",67.667,39,18.691,"S"
"Class5",75,72.138,45,34.518,28.5,76.747,"D",42.283,67,75.134,"J"
"Class1",10,72.626,68,57.506,48.275,14.629,"H",94.056,53,17.144,"Y"
"Class4",91,43.354,14,9.848,79.754,46.164,"C",16.139,15,17.118,"I"
"Class2",46,14.287,25,63.229,NA,81.762,"M",60.007,46,14.694,"C"
"Class4",97,45.04,17,18.559,87.708,57.059,"P",98.24,20,30.005,"Q"
"Class5",84,58.379,48,34.451,49.711,80.275,"H",33.815,51,76.927,"P"
"Class3",53,66.121,27,61.752,43.16,75.97,"K",12.735,60,92.027,"M"
"Class1",32,77.313,60,12.553,32.067,12.134,"X",92.475,46,17.682,"P"
"Class2",49,12.077,26,61.312,NA,81.854,"X",63.558,67,10.515,"D"
"Class3",44,82.509,61,62.083,53.377,41.778,"W",25.797,58,92.478,"A"
"Class5",84,73.767,33,34.706,16.802,91.037,"H",81.988,51,77.153,"M"
"Class4",97,26.771,59,20.197,96.097,53.345,"Z",85.689,53,34.748,"B"
"Class2",46,13.884,25,72.548,70.586,81.047,"M",65.789,77,0.211,"C"
"Class4",97,40.98,41,4.467,65.29,64.859,"Z",97.692,69,34.46,"O"
"Class5",83,86.071,37,12.546,60.353,89.194,"A",45.792,73,77.322,"W"
"Class5",74,72.188,24,12.36,22.578,78.826,"Y",48.622,65,81.923,"I"
"Class3",27,69.169,49,76.757,52.906,63.432,"A",11.379,60,71.276,"M"
"Class2",49,24.603,26,87.123,NA,82.125,"C",60.921,43,NA,"D"
"Class3",32,46.526,49,78.822,39.026,49.34,"A",77.659,59,NA,"Q"
"Class3",38,57.345,35,81.441,32.176,42.159,"K",61.872,59,82.001,"Q"
"Class3",67,71.23,70,62.135,46.634,36.112,"W",28.827,59,63.293,"E"
"Class3",29,77.918,63,89.251,31.096,65.547,"F",60.777,58,80.772,"K"
"Class3",33,60.469,51,88.023,35.729,55.512,"Y",67.849,58,73.36,"Q"
"Class1",57,69.32,67,19.01,30.261,7.926,"X",92.541,45,17.151,"V"
"Class4",93,40.283,5,4.214,56.055,34.444,"N",26.717,57,19.421,"O"
"Class2",50,15.692,25,95.748,86.841,83.44,"R",66.564,44,14.343,"F"
"Class3",54,55.648,45,75.058,49.113,52.451,"K",12.029,60,75.909,"K"
"Class2",36,-1.431,27,83.006,74.117,82.335,"H",60.756,60,2.551,"S"
"Class1",15,81.029,61,62.365,31.806,14.46,"X",93.296,47,NA,"Q"
"Class4",98,24.075,22,17.349,65.381,56.612,"N",24.866,25,11.221,"Q"
"Class3",29,55.589,79,66.815,34.789,63.343,"A",27.801,62,82.626,"Q"
"Class5",78,68.093,22,24.598,24.867,64.148,"H",62.625,62,74.003,"J"
"Class5",84,63.012,25,24.806,59.321,49.553,"K",45.718,52,74.879,"M"
"Class4",87,30.599,52,24.121,77.611,49.978,"P",66.859,66,22.357,"H"
"Class2",45,14.099,25,68.871,NA,83.621,"H",61.252,55,11.525,"E"
"Class3",20,67.761,41,85.252,36.559,45.767,"K",24.278,59,48.737,"E"
"Class5",77,61.598,43,22.59,49.853,53.531,"A",62.829,68,79.262,"W"
"Class1",38,63.582,70,46.505,40.554,15.98,"K",94.533,60,17.705,"P"
"Class2",54,42.882,26,94.762,78.233,82.006,"X",65.103,43,1.142,"F"
"Class5",76,64.327,45,32.658,19.949,83.205,"K",70.146,70,78.363,"W"
"Class2",53,27.346,26,93.651,79.71,82.931,"C",64.825,44,7.553,"C"
"Class1",35,74.405,64,9.733,15.675,20.183,"W",94.619,54,17.98,"Y"
"Class4",87,41.709,68,23.714,83.578,34.342,"V",49.538,29,9.264,"O"
"Class2",51,28.291,27,98.34,74.552,82.728,"H",64.915,83,12.07,"F"
"Class2",32,49.971,25,93.942,79.951,78.999,"H",62.557,66,14.44,"F"
"Class3",49,68.663,65,70.576,35.058,51.393,"Y",16.112,61,90.16,"E"
"Class2",52,34.679,27,89.841,73.805,80.898,"H",66.528,72,19.096,"E"
"Class5",82,69.658,25,26.716,15.773,76.238,"H",25.983,61,77.823,"W"
"Class4",93,32.572,10,20.71,90.259,22.997,"N",66.164,19,-0.013,"I"
"Class3",21,73.765,70,62.536,46.518,55.148,"A",55.305,62,NA,"A"
"Class2",35,28.782,25,92.492,82.582,81.953,"X",60.381,45,11.718,"F"
"Class3",66,63.536,49,81.795,46.982,42.655,"F",73.962,59,60.529,"Q"
"Class3",33,63.697,44,87.753,55.051,49.277,"F",49.003,61,88.108,"K"
"Class2",38,15.216,27,84.614,74.55,83.062,"X",63.345,55,9.03,"C"
"Class4",94,36.716,46,12.901,54.224,15.31,"V",93.602,20,35.646,"O"
"Class3",14,70.726,29,62.195,39.109,75.903,"Y",31.467,58,69.815,"M"
"Class2",52,14.728,27,92.326,85.985,83.016,"H",58.008,51,9.178,"E"
"Class3",15,54.505,75,84.51,36.1,38.766,"F",45.442,63,68.874,"K"
"Class5",78,73.964,37,21.827,70.008,77.955,"Y",66.686,79,79.94,"M"
"Class4",89,46.624,29,13.44,74.241,44.374,"Z",63.52,52,19.909,"B"
"Class2",44,42.805,27,63.318,86.04,82.644,"X",65.58,32,21.847,"C"
"Class4",90,38.702,80,20.272,89.422,26.866,"C",17.959,32,NA,"B"
"Class5",84,60.493,37,19.827,22.245,47.901,"H",54.801,83,80.295,"J"
"Class1",30,67.542,67,35.781,27.267,9.077,"W",92.322,48,17.159,"Q"
"Class4",96,52.879,8,16.672,NA,52.507,"C",78.71,53,16.728,"B"
"Class1",47,68.925,67,5.344,63.385,14.147,"I",92.398,60,17.546,"Y"
"Class1",45,87.99,58,64.67,51.798,11.702,"I",92.594,48,17.412,"G"
"Class4",98,23.098,64,24.615,55.52,37.788,"N",98.305,24,27.296,"I"
"Class5",78,56.763,34,31.564,61.769,54.736,"H",62.192,71,75.633,"M"
"Class3",67,80.163,55,63.825,39.48,49.996,"K",40.436,59,93.561,"Q"
"Class4",92,33.887,68,19.754,67.735,32.886,"C",91.991,20,31.957,"H"
"Class4",97,44.565,56,13.219,54.157,43.199,"N",79.404,68,8.712,"O"
"Class4",90,29.069,76,16.889,72.879,47.925,"N",64.523,58,15.207,"Q"
"Class2",45,24.448,25,68.318,83.535,82.219,"M",57.266,46,3.886,"S"
"Class3",39,56.942,64,62.896,49.538,29.285,"A",80.935,58,65.622,"E"
"Class2",38,11.248,26,81.082,67.66,81.4,"C",61.519,70,12.899,"S"
"Class5",78,53.465,31,23.573,28.769,81.176,"K",23.065,82,78.392,"I"
"Class5",74,74.292,34,10.332,67.517,76.537,"D",42.094,63,77.586,"J"
"Class3",54,55.362,47,73.744,35.354,63.117,"F",77.981,63,78.537,"Q"
"Class5",79,78.948,35,22.208,49.945,81.05,"Y",17.026,69,77.399,"P"
"Class1",55,62.4,67,6.291,24.963,8.946,"H",93.463,45,17.588,"Q"
"Class5",80,72.862,49,26.954,39.734,74.929,"Y",19.764,69,77.48,"I"
"Class5",81,55.034,24,16.965,72.454,88.952,"Y",20.806,72,77.657,"W"
"Class4",97,26.341,22,8.235,60.936,56.757,"C",78.936,45,18.093,"H"
"Class4",98,44.246,62,8.233,77.469,55.247,"N",33.937,44,NA,"O"
"Class4",92,34.128,30,17.503,69.523,21.011,"P",19.591,50,6.718,"O"
"Class3",47,67.739,36,77.281,NA,44.882,"F",29.116,63,62.828,"E"
"Class3",53,54.154,68,68.339,48.288,67.072,"W",50.14,61,58.843,"E"
"Class2",49,-8.236,25,98.773,74.238,82.458,"X",61.977,75,2.425,"C"
"Class3",73,65.8,43,80.478,53.909,84.991,"W",19.595,60,78.437,"A"
"Class1",17,75.662,75,85.873,23.763,14.503,"H",92.614,54,17.66,"V"
"Class5",75,68.607,25,12.646,14.901,66.335,"K",68.294,68,NA,"I"
"Class1",24,76.989,60,12.054,NA,7.219,"H",94.762,63,17.372,"Q"
"Class1",44,78.178,74,84.136,43.776,20.797,"W",92.062,54,17.451,"G"
"Class1",25,79.026,63,94.4,41.011,13.237,"H",92.009,47,17.797,"P"
"Class3",18,60.997,46,61.311,52.715,52.228,"K",62.726,62,55.287,"E"
"Class2",30,22.091,25,94.827,82.764,81.451,"X",65.674,44,12.057,"D"
"Class1",15,83.526,69,94.847,44.731,14.887,"K",93.109,69,17.538,"Q"
"Class2",54,23.383,25,99.362,70.351,83.353,"X",67.279,77,7.072,"E"
"Class1",25,89.194,69,77.729,32.537,7.577,"W",94.867,67,17.941,"Q"
"Class2",42,53.194,27,65.394,82.226,83.392,"R",63.506,39,18.471,"E"
"Class1",50,85.767,74,22.309,54.225,20.473,"W",93.935,64,17.647,"V"
"Class2",36,26.961,25,68.391,87.273,82.421,"R",58.739,35,6.949,"S"
"Class4",88,25.029,28,6.432,NA,24.359,"Z",71.058,47,26.576,"O"
"Class2",49,31.704,26,96.432,74.673,81.733,"M",62.985,55,13.732,"D"
"Class3",69,63.497,53,75.758,52.21,55.832,"F",68.553,63,54.415,"K"
"Class3",15,55.56,72,67.919,NA,67.432,"A",13.002,63,72.922,"M"
"Class2",33,39.354,25,71.277,80.879,82.442,"R",63.516,47,13.283,"S"
"Class1",57,92.401,70,47.745,NA,18.529,"H",93.578,56,16.924,"V"
"Class4",94,31.639,71,4.916,94.936,58.647,"N",86.448,52,7.676,"H"
"Class3",42,64.247,52,87.215,42.136,54.4,"A",24.385,62,NA,"A"
"Class2",52,26.55,26,85.533,74.606,83.923,"M",69.563,83,15.182,"D"
"Class3",72,73.832,37,89.239,43.089,41.494,"W",28.452,62,NA,"K"
"Class5",79,65.436,34,13.308,NA,63.539,"Y",74.607,80,80.042,"J"
"Class4",90,33.581,46,5.695,86.852,30.834,"C",43.18,57,NA,"B"
"Class3",15,67.812,64,76.036,38.337,63.857,"Y",59.985,59,58.814,"M"
"Class2",54,10.569,26,79.74,80.698,81.731,"M",57.836,52,6.747,"E"
"Class4",95,31.017,23,7.485,76.987,49.735,"V",42.391,59,2.55,"H"
"Class1",44,81.375,70,49.126,43.56,15.054,"W",93.467,61,17.319,"Q"
"Class5",82,72.297,23,33.917,61.275,71.373,"D",20.333,70,83.51,"I"
"Class3",15,58.871,79,83.374,45.852,68.163,"W",33.559,61,69.143,"Q"
"Class2",35,22.55,26,91.103,83.911,83.858,"X",66.916,54,4.05,"C"
"Class3",27,81.88,76,80.121,37.399,61.197,"A",79.22,60,73.523,"A"
"Class3",31,71.553,44,63.774,36.135,72.513,"K",49.799,59,71.676,"Q"
"Class1",41,70.91,73,21.692,40.621,26.265,"X",93.222,49,17.101,"G"
"Class5",77,62.054,42,22.141,33.273,82.652,"K",60.502,58,77.628,"W"
"Class5",76,75.615,24,12.087,16.639,58.985,"Y",48.829,80,76.333,"W"
"Class5",76,70.559,22,25.57,53.643,83.73,"H",50.659,63,73.917,"I"
"Class5",77,70.23,45,18.446,42.596,87.1,"A",50.539,69,73.397,"J"
"Class3",12,62.466,72,62.018,55.665,46.222,"K",56.936,59,75.144,"E"
"Class2",48,31.101,25,92.166,68.625,82.094,"R",66.76,46,5.89,"C"
"Class3",18,77.723,41,64.547,47.83,66.773,"A",51.483,59,77.764,"M"
"Class4",87,41.275,5,4.694,76.712,56.85,"N",55.212,38,27.939,"H"
"Class3",14,56.299,50,76.062,41.325,56.684,"K",35.7,63,64.997,"A"
"Class4",98,39.517,79,5.707,NA,23.832,"V",26.396,41,4.97,"O"
"Class5",84,61.897,25,32.553,64.024,87.624,"D",20.163,52,79.223,"P"
"Class1",45,83.229,60,93.067,64.914,20.823,"X",93.073,66,17.517,"G"
"Class5",75,63.224,39,33.249,61.383,95.752,"K",65.27,82,75.925,"M"
"Class1",14,76.711,67,83.993,NA,11.777,"I",93.081,67,17.427,"V"
"Class2",32,11.433,26,99.704,86.286,82.132,"M",59.304,32,10.235,"C"
"Class5",76,57.967,44,11.577,24.656,58.709,"D",62.14,79,76.937,"P"
"Class4",92,39.941,50,11.299,60.551,43.565,"V",65.139,15,28.579,"H"
"Class2",38,14.04,26,65.558,69.411,81.401,"C",68.059,75,13.035,"S"
"Class2",31,22.611,27,73.618,73.459,83.854,"R",68.571,71,3.614,"D"
"Class1",51,56.275,74,17.986,60.04,12.869,"W",94.954,69,18.032,"G"
"Class1",14,74.719,68,96.482,21.582,30.479,"I",93.886,58,17.734,"Y"
"Class1",23,90.301,61,69.801,51.172,19.366,"X",93.91,70,18.098,"G"
"Class2",44,31.438,27,99.933,71.732,82.591,"M",65.752,59,11.795,"S"
"Class1",42,81.308,62,89.676,18.7,23.425,"W",93.846,47,18.262,"V"
"Class1",51,85.644,68,67.729,40.382,16.418,"K",93.169,49,18.001,"G"
"Class1",40,78.856,59,15.447,64.377,19.979,"X",93.183,60,17.64,"P"
"Class3",65,66.178,31,65.314,55.199,61.569,"A",58.847,59,81.541,"M"
"Class4",97,39.514,48,11.675,54.139,32.894,"Z",77.979,69,11.971,"B"
"Class3",44,46.738,55,73.588,35.727,62.921,"Y",57.149,58,62.252,"A"
"Class5",75,81.551,25,18.067,13.792,80.533,"K",95.614,74,80.391,"P"
"Class3",55,53.718,64,62.501,30.311,60.192,"W",61.989,59,64.357,"K"
"Class5",83,66.269,33,35.744,31.631,66.025,"H",42.464,75,77.297,"M"
"Class5",76,60.903,34,12.674,61.208,98.589,"K",37.933,71,81.107,"M"
"Class3",13,63.657,45,66.837,34.783,45.388,"F",61.346,63,57.333,"Q"
"Class4",88,42.101,81,23.339,NA,22.898,"N",89.509,59,27.561,"O"
"Class5",82,68.055,42,10.6,63.296,65.086,"Y",23.357,73,80.531,"J"
"Class4",92,42.655,15,5.318,76.172,37.159,"Z",84.907,33,18.739,"O"
"Class3",21,64.724,52,70.353,44.324,35.994,"F",11.062,60,57.723,"K"
"Class4",98,35.443,59,24.617,81.374,60.105,"N",17.303,30,29.402,"H"
"Class2",50,24.459,25,87.076,79.401,82.393,"M",67.408,41,8.081,"C"
"Class2",51,20.37,26,61.661,81.5,80.668,"M",58.273,58,5.448,"C"
"Class1",43,74.476,70,52.287,40.562,3.775,"K",92.504,51,17.602,"Q"
"Class4",94,34.454,67,10.266,78.371,41.069,"P",64.318,69,44.345,"B"
"Class5",74,65.938,33,34.05,28.901,70.394,"H",49.106,71,77.217,"P"
"Class1",11,75.595,59,47.167,17.354,14.424,"I",92.196,58,17.753,"Q"
"Class3",70,62.846,66,90.492,33.941,68.689,"Y",54.841,60,74.439,"Q"
"Class4",93,26.903,16,19.356,56.679,46.594,"N",58.561,44,35.226,"I"
"Class1",22,62.847,69,78.779,NA,8.665,"W",92.442,63,17.775,"Y"
"Class3",58,73.866,59,77.458,37.888,68.262,"W",15.444,60,60.618,"Q"
"Class4",98,27.84,64,18.913,73.804,52.705,"C",35.392,51,9.127,"O"
"Class1",25,88.88,62,15.439,21.762,21.41,"H",92.946,48,17.556,"Y"
"Class1",33,71.19,67,89.482,27.984,12.341,"H",92.446,46,17.651,"G"
"Class2",44,11.43,26,93.636,NA,82.732,"H",63.747,75,6.823,"S"
"Class4",91,40.679,15,11.783,56.447,31.501,"Z",24.617,50,24.796,"Q"
"Class3",60,64.537,63,90.896,34.206,53.844,"W",70.362,60,49.953,"Q"
"Class2",32,32.757,25,95.711,84.537,82.114,"X",66.085,47,5.592,"F"
"Class2",34,25.807,25,61.599,80.561,81.774,"C",68.111,39,4.547,"E"
"Class3",73,59.906,50,84.082,45.245,49.372,"K",59.753,59,50.104,"K"
"Class5",79,71.493,30,25.064,48.865,72.419,"D",63.002,63,77.443,"M"
"Class1",47,86.954,60,47.504,23.803,14.088,"W",93.178,69,17.912,"G"
"Class2",48,1.053,26,66.366,72.205,82.71,"M",66.452,45,8.494,"E"
"Class5",83,61.838,37,26.571,27.268,68.723,"K",78.838,63,75.261,"J"
"Class4",91,37.086,71,19.177,79.152,21.61,"C",80.991,59,7.032,"B"
"Class5",80,57.961,34,28.884,24.969,84.328,"K",17.515,57,75.645,"P"
"Class1",20,83.722,67,91.615,53.859,2.13,"W",92.678,54,17.806,"G"
"Class5",83,87.504,28,30.393,38.559,75.483,"A",28.903,68,80.854,"M"
"Class1",51,77.09,66,37.592,27.818,6.695,"X",92.754,52,18.101,"P"
"Class1",23,73.221,60,52.493,29.138,20.302,"X",92.658,48,17.708,"Q"
"Class5",83,73.898,39,25.22,68.878,49.774,"A",69.851,71,77.354,"P"
"Class4",87,38.839,54,5.592,84.155,48.906,"Z",45.832,68,41.215,"I"
"Class5",84,59.578,50,13.266,52.535,74.904,"Y",75.535,82,76.992,"P"
"Class4",93,19.086,41,10.433,95.705,57.669,"V",23.812,51,26.854,"B"
"Class5",75,61.001,40,17.091,15.338,62.226,"K",26.103,55,78.607,"W"
"Class3",68,64.601,77,83.788,46.722,55.086,"A",70.298,59,70.643,"E"
"Class3",62,66.824,75,85.434,33.159,55.399,"F",20.588,61,77.627,"A"
"Class2",40,22.575,27,89.341,79.37,82.589,"R",63.348,50,2.951,"F"
"Class5",76,71.855,38,10.739,75.6,63.785,"K",86.032,67,77.912,"M"
"Class3",18,63.063,50,65.832,45.704,62.81,"W",17.032,61,81.839,"M"
"Class3",15,58.072,34,79.654,51.48,34.124,"W",22.488,61,NA,"E"
"Class5",77,64.157,42,11.359,70.86,65.458,"D",35.169,63,74.8,"J"
"Class4",87,33.085,25,14.33,95.767,26.4,"Z",15.118,32,22.761,"Q"
"Class2",48,37.008,27,91.973,77.237,81.965,"R",62.284,79,8.752,"F"
"Class5",75,62.973,28,18.8,35.489,60.41,"Y",73.341,76,75.529,"P"
"Class1",51,72.796,68,10.631,64.862,24.768,"I",94.448,51,17.549,"Y"
"Class2",32,31.756,27,78.215,75.414,82.661,"X",63.705,47,8.873,"E"
"Class4",89,33.224,48,15.606,65.106,31.527,"Z",11.355,44,33.948,"O"
"Class1",38,101.049,59,11.346,50.986,12.324,"X",94.523,48,17.438,"G"
"Class1",38,79.509,58,48.629,40.608,18.094,"I",93.121,63,17.63,"P"
"Class3",41,53.659,27,77.101,44.445,46.41,"F",15.859,59,36.958,"E"
"Class4",88,32.099,44,5.073,84.873,52.4,"P",61.933,51,44.837,"O"
"Class2",46,19.293,25,62.704,73.27,83.438,"H",68.246,62,16.241,"S"
"Class3",35,67.268,37,78.712,50.062,47.185,"K",81.914,59,70.136,"M"
"Class1",55,78.47,73,91.83,60.788,12.713,"I",93.153,44,NA,"Y"
"Class3",69,79.652,71,87.89,38.715,58.875,"A",40.395,58,87.584,"E"
"Class3",15,62.034,59,71.256,30.818,47.466,"A",22.903,61,65.077,"K"
"Class1",34,78.742,69,40.693,27.486,19.624,"K",93.385,47,17.104,"P"
"Class4",92,44.202,27,17.355,62.466,34.647,"P",40.678,26,36.87,"Q"
"Class4",94,52.206,78,15.029,78.146,20.59,"N",75.715,53,-0.871,"Q"
"Class2",54,41.409,26,70.596,77.899,81.724,"C",57.143,56,6.254,"D"
"Class4",98,41.64,78,8.834,78.232,28.087,"N",47.866,59,54.567,"O"
"Class3",67,64.147,32,91.884,45.733,53.378,"A",30.443,58,51.106,"K"
"Class3",43,66.684,49,89.603,30.238,77.359,"Y",80.512,59,88.897,"K"
"Class5",74,87.675,50,20.118,62.541,86.709,"Y",67.716,59,73.033,"W"
"Class5",83,73.452,44,19.461,42.405,77.37,"D",85.155,51,80.603,"W"
"Class3",32,76.146,60,88.395,38.218,44.744,"A",39.525,62,79.499,"M"
"Class1",13,85.709,63,69.951,54.794,14.932,"I",94.571,68,17.897,"P"
"Class5",84,76.635,48,16.124,64.48,80.687,"Y",34.928,52,75.12,"M"
"Class1",28,62.243,61,82.373,62.279,4.808,"X",94.383,66,17.496,"Y"
"Class5",78,69.298,31,19.303,65.158,65.356,"H",48.334,69,78.522,"I"
"Class5",84,64.476,24,15.668,49.979,51.012,"K",70.707,54,78.454,"P"
"Class5",81,55.951,49,25.793,61.308,65.476,"A",84.605,68,79.741,"M"
"Class2",34,17.176,25,96.796,81.906,80.833,"C",59.462,33,19.239,"E"
"Class3",60,54.574,58,61.233,35.786,48.068,"F",54.425,58,75.382,"K"
"Class1",38,76.486,58,13.112,36.635,19.969,"K",94.345,53,17.152,"V"
"Class1",52,80.952,66,16.045,30.748,20.67,"I",94.949,57,17.204,"G"
"Class1",46,66.276,70,54.259,29.04,16.268,"W",92.954,60,17.393,"P"
"Class3",15,57.89,27,68.036,52.46,47.78,"F",72.085,63,59.019,"E"
"Class4",92,35.343,20,15.225,62.592,47.485,"C",99.996,46,39.557,"Q"
"Class2",36,12.79,27,92.128,77.406,82.136,"H",65.833,56,12.843,"D"
"Class5",75,56.193,25,21.475,54.474,61.536,"K",83.173,73,78.201,"M"
"Class3",41,63.146,61,79.863,33.938,42.963,"F",80.748,60,111.027,"K"
"Class5",77,76.027,42,36.985,72.309,78.98,"K",17.444,67,74.395,"I"
"Class5",78,50.924,22,13.333,74.938,60.763,"H",80.533,78,82.464,"M"
"Class4",92,38.702,52,8.583,83.728,39.925,"Z",57.109,72,37.827,"O"
"Class2",44,-6.3,25,95.859,75.361,83.158,"C",60.215,49,2.061,"S"
"Class2",40,20.884,25,70.62,77.428,81.49,"C",64.279,80,8.971,"D"
"Class1",46,99.656,62,24.018,44.594,19.836,"K",93.725,59,17.75,"V"
"Class3",55,72.24,49,87.004,47.071,63.642,"K",35.346,63,64.677,"A"
"Class2",43,22.04,27,88.931,75.815,82.088,"H",59.437,33,14.654,"S"
"Class5",76,70.654,26,31.019,41.221,69.544,"K",35.736,52,81.011,"W"
"Class1",57,64.042,63,53.834,29.163,7.903,"X",94.154,64,17.456,"G"
"Class4",92,29.886,10,24.93,59.155,41.609,"P",50.315,47,10.305,"O"
"Class4",97,30.888,5,19.523,54.313,43.827,"Z",42.114,62,34.164,"B"
"Class5",75,72.69,33,20.856,NA,88.336,"K",79.842,79,78.406,"I"
"Class3",58,88.685,48,83.883,39.948,32.992,"W",11.542,62,54.071,"K"
"Class1",11,72.314,69,73.776,62.451,21.488,"I",93.95,49,17.683,"P"
"Class1",29,79.104,68,84.59,22.463,21.506,"H",92.902,62,17.413,"Y"
"Class5",76,60.833,49,34.211,78.187,76.768,"H",27.064,75,83.166,"J"
"Class5",82,63.644,44,35.871,14.879,77.07,"D",57.248,70,79.005,"W"
"Class1",17,76.795,64,81.088,36.361,6.593,"X",94.447,44,17.645,"G"
"Class1",8,88.125,68,35.135,24.228,12.447,"H",93.259,66,17.441,"V"
"Class4",91,31.894,19,18.65,87.852,33.148,"Z",57.885,37,35.336,"O"
"Class4",94,29.09,16,20.394,83.308,39.387,"N",82.105,60,-6.954,"H"
"Class5",82,60.105,48,28.104,41.489,49.619,"A",76.665,53,82.459,"M"
"Class3",39,67.566,59,61.887,39.266,52.493,"F",79.16,59,68.631,"K"
"Class1",12,66.746,73,73.559,26.783,12.104,"X",92.24,44,17.537,"Q"
"Class1",32,78,67,63.017,62.059,13.696,"H",94.863,43,17.699,"V"
"Class3",30,67.235,45,61.811,43.295,54.03,"K",20.758,63,64.669,"E"
"Class1",21,78.008,68,22.547,26.534,26.924,"K",92.333,47,17.72,"V"
"Class3",26,60.343,41,90.668,46.968,101.31,"F",18.309,60,62.836,"Q"
"Class5",82,65.697,43,26.21,55.844,65.069,"A",44.649,62,77.07,"J"
"Class2",48,21.482,26,70.871,76.37,83.338,"R",68.24,67,1.816,"F"
"Class4",95,40.489,68,13.872,54.746,66.049,"N",31.408,49,24.191,"B"
"Class4",88,32.038,65,21.621,91.165,34.969,"V",65.081,46,-9.731,"I"
"Class5",78,63.541,38,19.548,19.284,70.798,"Y",19.744,69,79.754,"M"
"Class3",69,62.595,37,78.132,46.501,69.886,"A",55.657,58,80.493,"M"
"Class2",51,28.194,27,63.885,86.906,84.027,"X",60.497,48,10.067,"E"
"Class1",56,73.852,68,72.928,35.724,14.846,"I",94.266,70,16.937,"Y"
"Class5",76,58.633,22,23.351,76.56,66.705,"D",61.787,75,80.221,"J"
"Class4",95,28.969,45,4.46,89.224,46.694,"Z",12.583,21,30.317,"Q"
"Class3",23,87.868,43,72.948,46.653,41.291,"Y",38.191,63,98.331,"M"
"Class1",55,88.532,70,20.576,23.124,36.175,"H",94.44,59,17.545,"Q"
"Class1",43,91.424,60,19.475,19.215,16.554,"H",93.018,50,17.817,"P"
"Class4",90,30.529,53,16.332,74.038,41.315,"C",90.658,60,19.634,"I"
"Class3",52,63.469,39,77.118,51.39,56.544,"W",28.932,62,90.565,"K"
"Class3",52,54.195,47,86.416,44.15,53.222,"W",68.004,61,87.328,"A"
"Class1",37,69.821,59,75.113,58.424,21.676,"X",94.014,63,16.94,"Y"
"Class4",98,38.096,31,5.446,57.99,57.891,"C",99.181,54,26.041,"B"
"Class2",52,30.385,26,83.483,71.735,82.179,"R",63.88,43,-0.663,"F"
"Class2",43,33.402,25,97.634,67.738,83.129,"H",63.942,40,-2.574,"F"
"Class4",97,45.275,72,13.32,69.648,32.197,"N",26.04,14,7.244,"H"
"Class2",46,25.727,26,90.893,70.558,83.047,"H",60.727,31,8.133,"E"
"Class2",34,20.833,26,77.217,86.893,83.021,"M",67.815,70,11.139,"F"
"Class5",84,57.205,41,15.537,51.289,79.882,"A",77.19,59,74.265,"J"
"Class5",74,68.606,41,31.434,16.768,60.747,"D",89.988,81,80.93,"I"
"Class2",34,-5.245,27,62.328,NA,83.112,"R",65.921,46,9.999,"S"
"Class4",87,37.174,74,21.986,NA,51.052,"Z",90.427,64,14.352,"H"
"Class3",50,50.964,56,84.075,54.595,37.775,"K",53.577,60,84.24,"E"
"Class1",48,60.186,60,34.367,35.451,28.893,"I",94.246,55,17.267,"Q"
"Class5",79,70.953,40,19.464,61.994,68.941,"Y",89.828,68,77.37,"P"
"Class3",57,65.479,27,77.461,54.822,45.02,"F",64.914,58,81.053,"M"
"Class3",72,68.69,30,71.078,54.258,35.392,"F",72.953,62,60.793,"E"
"Class2",40,35.453,26,77.175,78.63,81.311,"C",68.988,63,18.049,"D"
"Class5",78,63.913,48,34.857,30.516,49.41,"A",45.474,71,80.203,"J"
"Class1",29,65.449,67,48.535,25.335,14.672,"X",94.242,56,17.701,"P"
"Class3",41,74.984,39,66.189,48.319,38.415,"F",29.263,61,85.532,"M"
"Class1",59,75.956,74,82.921,57.107,17.305,"X",93.656,56,16.802,"Q"
"Class4",89,29.719,19,5.19,65.44,33.233,"P",78.412,45,36.319,"B"
"Class4",93,41.124,80,7.408,88.37,53.853,"P",38.305,69,22.413,"I"
"Class4",95,26.247,63,15.661,63.655,44.197,"Z",56.752,60,12.983,"I"
"Class4",89,42.163,61,22.504,57.494,45.076,"C",29.57,62,10.394,"H"
"Class4",90,28.359,78,16.209,69.474,44.405,"Z",80.371,44,15.683,"I"
"Class5",74,56.117,37,12.628,53.361,62.864,"H",92.825,55,73.988,"M"
"Class3",65,77.112,30,78.261,52.241,45.978,"F",29.578,63,50.811,"M"
"Class5",79,64.457,35,13.071,65.319,71.825,"A",88.095,58,78.27,"M"
"Class2",52,36.326,27,88.533,81.771,81.895,"M",62.552,72,NA,"S"
"Class5",78,69.341,29,13.862,70.09,74.957,"A",17.472,51,80.013,"J"
"Class1",28,91.661,66,75.084,57.234,17.894,"H",93.117,69,17.58,"Y"
"Class4",93,35.392,60,11.632,62.545,52.239,"Z",30.117,14,3.425,"I"
"Class3",59,77.127,50,82.914,32.178,37.268,"K",67.933,61,82.986,"Q"
"Class5",83,67.008,41,19.277,37.005,75.792,"H",26.864,61,NA,"M"
"Class3",55,90.07,70,86.496,52.466,66.495,"W",20.702,62,65.505,"K"
"Class5",83,60.521,38,18.536,48.29,61.103,"D",28.441,72,80.433,"J"
"Class4",95,29.99,73,6.458,70.833,68.753,"P",37.606,55,9.201,"Q"
"Class3",31,73.829,62,65.106,45.189,41.853,"W",21.839,58,78.435,"M"
"Class2",33,13.444,26,77.583,78.78,84.302,"H",63.959,50,13.734,"E"
"Class3",36,64.412,36,64.224,40.304,46.334,"Y",67.238,62,73.205,"K"
"Class2",53,48.38,27,92.116,71.038,83.312,"R",61.196,63,13.572,"S"
"Class3",62,76.469,31,75.007,36.273,60.746,"Y",62.569,63,35.505,"A"
"Class5",78,70.291,50,18.302,44.051,86.648,"D",88.888,55,75.833,"M"
"Class2",33,41.988,27,76.106,80.866,84.135,"M",58.315,75,8.63,"F"
"Class3",61,66.611,33,82.075,43.338,81.627,"W",77.871,60,NA,"A"
"Class5",83,62.31,27,10.421,77.902,84.564,"H",83.292,58,77.664,"W"
"Class4",98,28.573,60,24.931,95.177,42.515,"N",37.047,28,23.496,"I"
"Class3",62,74.528,59,85.474,38.446,52.215,"A",21.582,62,84.932,"Q"
"Class4",93,39.84,61,10.066,84.182,61.352,"C",55.575,14,10.69,"B"
"Class2",33,30.911,27,99.475,70.04,83.902,"R",61.952,37,6.08,"E"
"Class1",26,88.445,67,60.304,57.629,22.141,"I",94.658,69,17.808,"Y"
"Class2",50,7.826,26,65.012,73.53,84.706,"R",61.671,47,16.203,"C"
"Class4",93,31.035,47,18.841,82.031,41.069,"N",89.462,33,24.715,"B"
"Class5",74,67.746,39,17.032,46.942,52.862,"A",67.978,83,76.075,"I"
"Class3",41,74.846,76,89.626,45.867,56.124,"F",26.996,63,74.705,"M"
"Class3",51,53.501,31,62.349,53.13,45.811,"Y",55.786,58,61.605,"K"
"Class4",92,37.638,23,17.849,69.127,40.851,"N",38.447,28,6.645,"Q"
"Class2",42,16.547,27,90.596,69.717,82.04,"X",61.572,74,11.158,"C"
"Class4",98,32.574,76,15.848,55.162,71.82,"V",52.748,52,1.068,"I"
"Class2",48,24.875,27,99.122,87.586,82.72,"M",67.696,46,11.451,"S"
"Class4",92,22.291,41,9.766,68.325,47.594,"C",75.875,17,15.933,"I"
"Class1",9,69.003,64,13.964,NA,13.357,"X",92.342,48,17.204,"Y"
"Class3",72,71.368,67,61.528,35.357,65.561,"W",31.073,62,72.761,"E"
"Class3",36,75.598,28,71.483,30.285,56.582,"A",80.61,62,35.905,"K"
"Class3",46,73.497,52,71.507,NA,61.934,"F",52.245,61,56.001,"A"
"Class2",39,41.696,25,79.411,79.997,82.056,"X",64.236,77,11.387,"E"
"Class4",92,34.953,38,17.398,54.406,39.873,"V",20.792,35,13.709,"Q"
"Class5",79,62.056,48,36.803,37.475,77.548,"A",82.82,54,80.926,"J"
"Class5",77,64.262,24,23.867,41.929,85.848,"Y",56.939,56,72.614,"P"
"Class1",12,90.507,67,79.898,58.567,20.56,"H",93.858,49,17.464,"P"
"Class1",42,85.195,64,31.584,39.773,19.263,"W",92.631,66,17.406,"Q"
"Class5",82,72.967,27,24.383,53.54,58.918,"A",24.769,70,78.219,"P"
"Class3",34,60.819,61,70.427,NA,45.751,"W",11.417,62,75.655,"M"
"Class4",98,34.447,47,16.66,73.538,29.906,"V",92.824,69,36.139,"Q"
"Class5",81,66.874,33,26.443,39.952,66.038,"K",18.272,62,74.879,"J"
"Class4",95,42.188,46,20.708,87.747,26.039,"Z",77.345,28,37.089,"Q"
"Class5",82,70.343,42,16.291,34.593,59.766,"D",43.447,67,81.243,"M"
"Class3",52,65.821,40,79.222,44.37,46.991,"W",77.872,61,58.378,"Q"
"Class2",37,18.278,26,63.585,70.753,82.126,"C",66.614,61,18.148,"S"
"Class2",41,17.472,26,69.436,82.364,83.849,"X",66.544,34,13.531,"S"
"Class3",58,65.769,48,64.557,32.396,73.835,"Y",12.368,59,67.36,"A"
"Class5",77,59.363,34,14.046,53.009,48.443,"A",72.538,52,78.601,"P"
"Class1",13,71.319,60,81.114,58.045,17.222,"K",94.235,59,16.969,"Q"
"Class2",52,24.103,25,72.839,70.17,83.168,"H",58.132,76,8.349,"F"
"Class3",66,79.101,55,65.241,54.274,78.453,"F",46.92,58,91.205,"Q"
"Class2",39,37.832,25,67.24,86.671,82.533,"M",70.808,47,8.685,"C"
"Class5",81,71.635,50,26.482,17.353,70.325,"D",53.317,67,75.936,"M"
"Class3",26,66.114,66,73.175,NA,38.5,"F",37.537,62,58.368,"K"
"Class1",21,70.227,65,38.488,45.785,15.834,"X",92.568,48,17.874,"V"
"Class2",47,11.866,25,76.989,67.703,82.562,"X",70.421,79,6.943,"E"
"Class1",35,72.368,73,22.218,43.539,15.21,"X",93.137,67,17.267,"V"
"Class2",50,6.604,25,99.864,83.447,81.848,"M",69.146,79,5.088,"E"
"Class1",50,62.363,70,84.96,30.99,23.846,"I",92.02,51,17.582,"Y"
"Class5",79,73.356,34,27.9,67.106,40.503,"Y",28.873,69,75.916,"J"
"Class4",98,33.426,53,7.66,95.344,38.146,"V",19.008,35,20.131,"B"
"Class5",79,71.22,28,30.587,22.458,39.432,"A",41.607,54,73.795,"W"
"Class4",95,30.864,61,17.373,80.811,56.586,"Z",18.28,63,1.549,"Q"
"Class5",83,76.126,37,33.554,77.036,78.471,"D",18.641,69,81.403,"W"
"Class2",48,36.674,25,87.981,80.182,83.046,"M",62.699,42,12.527,"F"
"Class2",44,25.239,27,67.398,85.486,82.571,"C",66.873,78,5.319,"S"
"Class2",36,23.386,25,96.453,76.385,81.888,"M",66.488,46,4.112,"S"
"Class3",37,76.657,80,68.309,34.571,67.906,"F",32.198,63,73.431,"E"
"Class5",80,67.726,28,31.207,24.897,61.069,"A",33.039,75,80.473,"J"
"Class4",98,37.683,48,24.577,87.911,45.167,"Z",81.255,51,NA,"Q"
"Class1",26,61.952,70,77.502,54.178,6.756,"X",92.863,54,17.925,"V"
"Class1",56,83.769,70,10.708,29.698,11.243,"I",94.466,60,18.011,"G"
"Class3",57,77.956,69,75.994,41.237,73.677,"F",78.547,63,76.431,"E"
"Class1",53,78.234,74,24.962,59.192,25.848,"H",93.659,63,17.406,"P"
"Class3",17,75.439,36,79.518,NA,70.179,"A",65.947,59,88.33,"Q"
"Class1",16,85.167,70,78.404,18.424,22.596,"W",94.478,53,17.409,"G"
"Class2",46,42.517,27,97.427,78.897,82.616,"C",64.734,47,3.401,"D"
"Class4",94,39.191,62,10.097,NA,43.639,"Z",73.495,39,23.753,"I"
"Class4",91,33.426,54,24.703,NA,19.483,"Z",85.392,57,19.048,"I"
"Class4",87,29.876,24,10.747,91.082,33.682,"V",17.376,21,25.341,"I"
"Class5",84,63.433,22,24.814,74.546,92.435,"K",70.918,60,76.971,"I"
"Class1",50,70.264,70,82.761,45.059,24.199,"X",93.346,65,17.458,"V"
"Class3",56,61.111,65,81.121,34.646,34.117,"F",47.891,61,53.374,"Q"
"Class5",79,71.327,47,31.896,29.39,50.365,"H",50.466,72,81.581,"W"
"Class2",42,26.704,27,89.004,73.698,83.467,"M",64.543,84,6.168,"D"
"Class1",23,92.921,75,62.079,58.264,5.932,"W",94.582,70,17.17,"G"
"Class1",15,72.711,70,56.753,26.765,1.572,"W",94.878,61,17.695,"G"
"Class1",53,69.094,67,32.367,48.025,23.648,"X",93.069,47,17.24,"G"
"Class4",94,32.99,63,11.004,73.63,28.625,"V",88.539,30,1.113,"H"
"Class5",84,68.02,33,30.622,NA,63.16,"A",21.074,59,75.162,"P"
"Class2",42,30.968,25,80.987,74.28,80.443,"M",61.676,75,6.078,"E"
"Class1",42,91.186,61,20.711,37.183,21.771,"X",92.849,57,16.984,"P"
"Class4",98,36.693,44,7.437,66.424,63.642,"C",77.155,54,32.732,"O"
"Class4",89,33.079,35,21.412,93.789,44.283,"C",48.54,20,35.455,"H"
"Class5",81,55.317,47,33.113,56.894,79.191,"K",14.036,58,76.218,"P"
"Class4",98,23.797,56,13.647,88.845,52.586,"C",34.708,50,-6.624,"O"
"Class4",93,30.72,21,12.226,81.165,52.458,"V",85.825,72,19.689,"Q"
"Class5",81,75.837,48,32.225,51.406,56.851,"D",15.64,83,78.027,"I"
"Class2",31,24.814,25,81.423,69.823,83.018,"R",58.74,68,7.065,"F"
"Class5",82,60.641,42,23.126,70.024,67.834,"H",94.635,80,81.55,"M"
"Class5",78,63.549,45,27.493,14.684,58.916,"D",68.793,59,75.745,"I"
"Class3",34,70.788,51,63.367,39.283,54.409,"A",47.444,58,66.404,"M"
"Class3",12,56.697,34,68.055,39.175,70.399,"W",17.033,62,72.214,"K"
"Class4",94,26.115,6,4.41,88.852,52.167,"C",72.493,57,34.254,"O"
"Class4",87,36.598,36,24.463,80.3,46.685,"C",22.858,50,19.329,"I"
"Class4",89,9.357,69,10.671,92.697,46.923,"N",58.441,65,31.361,"I"
"Class5",74,76.783,30,22.433,22.683,68.767,"Y",21.625,51,80.514,"P"
"Class4",94,33.211,75,8.75,82.841,34.563,"C",81.212,59,13.629,"O"
"Class4",91,29.822,56,5.2,90.89,31.274,"N",12.747,54,48.586,"H"
"Class1",39,89.801,62,45.359,40.943,12.599,"W",93.793,55,17.847,"V"
"Class1",10,72.472,66,41.219,34.462,10.011,"W",93.317,61,17.932,"G"
"Class4",89,45.528,38,21.458,92.312,20.179,"P",62.884,63,15.08,"B"
"Class2",39,25.155,27,72.099,71.852,82.107,"X",60.797,56,17.336,"C"
"Class2",41,37.883,27,85.441,77.803,83.919,"R",66.103,66,20.493,"D"
"Class4",97,28.572,68,22.396,77.683,49.623,"P",56.864,65,9.374,"O"
"Class2",39,14.286,26,73.204,77.129,83.741,"X",60.327,76,18.691,"C"
"Class1",52,62.463,60,24.916,51.117,13.446,"X",94.356,52,18.12,"Y"
"Class4",90,39.553,41,6.715,90.079,48.934,"Z",73.921,62,33.37,"Q"
"Class2",44,21.754,26,64.032,73.465,82.319,"M",69.927,48,14.483,"E"
"Class3",36,69.416,76,88.963,54.191,40.865,"Y",52.568,62,80.46,"K"
"Class1",8,80.713,65,65.344,53.687,17.376,"K",93.217,55,17.481,"V"
"Class4",90,24.083,80,12.601,83.609,49.371,"N",70.024,71,17.819,"O"
"Class5",77,57.574,31,31.657,47.216,79.767,"A",74.81,77,79.576,"I"
"Class2",43,36.957,25,88.977,67.71,83.923,"R",65.96,67,4.85,"F"
"Class2",44,9.404,26,77.754,86.898,83.233,"C",65.447,34,9.744,"C"
"Class1",13,70.659,59,53.351,64.699,8.391,"I",93.881,58,17.567,"P"
"Class1",39,78.28,60,46.149,NA,19.034,"X",94.437,59,16.873,"G"
"Class4",90,27.411,77,7.705,NA,23.622,"C",34.663,19,26.238,"O"
"Class2",41,41.288,27,95.732,86.077,83.77,"R",60.53,84,6.853,"F"
"Class1",32,78.198,61,72.322,20.587,11.366,"I",93.658,43,17.144,"Y"
"Class2",36,43.235,27,64.393,84.866,82.896,"X",58.349,44,14.778,"E"
"Class5",74,61.934,45,32.29,24.253,50.084,"A",67.891,57,79.474,"W"
"Class1",17,80.807,64,95.309,55.655,8.118,"X",94.213,64,17.654,"V"
"Class4",94,30.13,80,20.207,56.397,52.303,"P",65.358,68,28.312,"O"
"Class1",47,91.671,68,11.006,23.6,13.168,"I",93.277,67,17.554,"P"
"Class3",21,71.375,28,88.754,54.719,49.658,"W",18.609,61,51.851,"M"
"Class1",11,69.635,70,9.145,53.996,15.491,"H",94.83,50,17.677,"Y"
"Class4",92,39.358,78,24.462,56.243,46.402,"P",82.104,29,30.49,"B"
"Class5",84,69.117,48,24.885,20.58,76.714,"A",29.504,62,79.353,"J"
"Class4",91,28.463,46,15.948,68.896,49.883,"P",93.832,32,29.248,"B"
"Class3",35,69.64,65,84.898,52.506,50.177,"F",73.062,58,67.208,"Q"
"Class2",43,38.542,25,72.828,80.083,83.777,"M",68.021,48,14.284,"S"
"Class3",56,79.697,46,71.56,46.559,69.782,"K",14.002,58,65.225,"E"
"Class2",47,32.129,26,77.449,71.915,83.645,"C",67.618,60,NA,"D"
"Class4",92,22.244,67,12.085,74.628,18.452,"Z",76.757,37,32.386,"I"
"Class1",24,74.168,67,35.642,25.285,19.07,"H",94.745,43,17.135,"G"
"Class4",90,32.905,45,8.791,79.871,44.758,"Z",43.665,32,8.034,"O"
"Class5",74,68.29,42,14.147,64.087,37.955,"Y",43.269,82,81.464,"P"
"Class5",83,73.221,35,21.264,72.57,84.205,"Y",27.889,54,80.228,"P"
"Class5",74,68.347,30,35.57,72.554,71.126,"D",28.397,51,76.284,"J"
"Class1",11,88.182,62,78.451,15.773,-0.781,"X",93.943,67,17.284,"V"
"Class2",31,11.202,25,61.613,79.094,81.373,"X",58.324,51,15.07,"D"
"Class1",27,92.512,69,71.375,56.538,17.855,"I",92.589,45,17.154,"P"
"Class4",92,38.801,43,8.899,94.371,33.559,"N",22.77,41,43.132,"I"
"Class4",90,34.407,67,15.231,74.184,51.073,"P",58.302,57,58.395,"O"
"Class4",88,41.771,33,14.699,58.163,58.575,"N",80.097,27,3.62,"O"
"Class3",38,51.04,38,78.154,51.268,71.771,"Y",77.146,58,71.349,"K"
"Class1",51,94.99,59,25.272,58.959,18.561,"K",93.728,66,NA,"Y"
"Class5",78,57.371,50,22.117,65.633,92.31,"H",28.647,74,81.164,"M"
"Class1",32,74.638,67,29.509,35.447,8.149,"K",94.778,68,NA,"Y"
"Class2",52,40.842,26,82.341,77.871,84.034,"R",65.532,39,11.228,"E"
"Class2",42,-3.117,26,75.994,83.653,82.694,"R",63.133,55,-4.974,"E"
"Class2",30,41.003,26,72.073,77.92,82.091,"H",62.209,41,0.353,"D"
"Class1",38,72.302,60,11.806,64.143,10.234,"H",94.275,44,17.318,"Q"
"Class4",91,21.38,8,7.429,74.177,18.926,"N",14.693,53,-5.521,"B"
"Class1",36,71.584,74,41.478,55.005,21.464,"H",92.881,51,17.038,"Y"
"Class2",37,2.115,25,76.076,86.752,82.131,"R",67.735,44,10.254,"C"
"Class1",8,76.588,61,61.214,23.909,17.546,"I",92.746,47,17.519,"V"
"Class2",34,52.524,26,77.74,72.508,83.096,"H",66.663,79,12.707,"C"
"Class5",82,78.596,45,22.991,15.026,66.745,"A",94.22,58,83.154,"W"
"Class3",20,68.97,69,83.972,54.569,52.718,"A",75.626,63,69.787,"A"
"Class1",11,84.792,58,77.593,56.942,25.274,"W",92.693,48,NA,"V"
"Class4",95,34.751,31,11.048,86.017,33.842,"P",70.909,23,32.128,"Q"
"Class1",9,78.866,69,96.543,34.876,3.389,"I",92.572,68,17.846,"V"
"Class5",84,69.424,44,35.967,57.597,67.844,"D",51.521,52,73.74,"W"
"Class5",82,63.323,35,35.473,22.641,93.115,"Y",80.552,65,83.263,"M"
"Class5",84,65.922,29,22.331,58.484,51.696,"H",27.136,70,78.672,"I"
"Class4",93,31.57,40,7.065,73.407,61.56,"C",10.822,67,10.386,"I"
"Class2",47,21.149,27,84.42,70.488,80.494,"H",60.643,83,9.646,"S"
"Class4",97,39.222,71,8.85,66.645,27.581,"N",43.982,55,27.115,"I"
"Class5",84,70.116,22,30.724,21.121,88.383,"A",22.059,55,NA,"W"
"Class1",24,88.141,71,56.526,19.605,14.87,"H",94.445,63,16.962,"P"
"Class3",65,69.373,49,69.02,37.667,44.358,"F",15.391,61,41.838,"Q"
"Class2",54,27.624,27,81.652,76.738,83.2,"C",58.362,51,10.051,"F"
"Class3",41,72.076,59,71.518,33.363,59.217,"F",29.742,62,64.359,"E"
"Class1",20,87.258,74,74.502,22.505,8.819,"H",93.964,56,17.293,"P"
"Class1",48,70.703,66,19.385,33.506,31.048,"K",94.9,50,17.077,"P"
"Class2",32,48.907,27,75.212,76.012,85.17,"H",67.663,76,11.844,"C"
"Class2",51,32.418,25,95.15,87.337,82.249,"C",64.495,36,9.743,"C"
"Class2",49,11.716,27,80.269,70.805,82.893,"H",69.096,74,12.261,"S"
"Class5",81,67.657,38,12.873,14.708,92.566,"D",85.623,70,79.954,"J"
"Class5",77,59.92,50,10.062,65.036,85.779,"H",44.549,65,NA,"P"
"Class1",55,84.37,71,39.551,60.621,15.906,"K",94.084,57,18.001,"V"
"Class1",50,73.502,66,5.638,23.028,7.754,"W",93.959,56,17.209,"Y"
"Class3",36,63.419,45,84.862,41.087,50.933,"Y",11.391,58,89.602,"K"
"Class5",78,65.921,48,24.557,26.246,56.608,"A",48.22,79,81.145,"I"
"Class2",50,25.707,27,81.9,80.835,83.108,"M",57.219,82,4.287,"E"
"Class2",30,11.931,25,78.174,87.733,84.277,"X",57.245,49,11.983,"F"
"Class3",73,59.597,76,72.925,49.708,63.843,"F",41.068,59,84.692,"A"
"Class2",34,28.932,26,80.253,78.071,82.399,"X",60.761,35,9.218,"S"
"Class2",43,38.499,26,71.865,70.901,82.03,"R",63.472,76,-2.454,"D"
"Class2",39,11.347,25,83.149,73.949,80.073,"X",62.338,38,7.703,"D"
"Class2",40,22.025,26,83.957,72.256,81.678,"R",61.179,34,8.303,"S"
"Class3",20,59.927,56,65.175,54.703,58.888,"K",58.482,63,79.124,"Q"
"Class3",34,69.972,56,62.642,43.745,85.543,"Y",42.178,60,77.778,"M"
"Class3",70,70.11,34,85.25,53.51,55.052,"W",64.71,59,94.857,"M"
"Class2",53,23.693,25,81.419,67.921,83.012,"R",65.545,51,6.011,"E"
"Class1",33,83.355,68,53.351,35.49,17.548,"I",94.154,63,16.859,"V"
"Class2",32,21.585,27,87.312,75.403,81.056,"R",64.883,33,11.755,"C"
"Class4",98,33.777,23,16.518,63.427,30.91,"Z",58.88,41,31.998,"H"
"Class5",80,62.444,37,36.134,72.301,70.444,"D",45.968,75,72.414,"M"
"Class3",66,69.476,33,82.079,32.566,51.426,"W",64.027,61,51.965,"M"
"Class3",19,66.368,29,66.286,45.393,33.062,"F",13.568,61,71.057,"A"
"Class2",40,9.909,26,77.098,83.45,82.996,"X",67.273,32,17.026,"C"
"Class3",58,61.815,78,88.353,49.762,47.951,"K",65.312,59,84.068,"M"
"Class5",79,67.844,45,26.133,48.361,54.81,"K",62.053,79,77.327,"I"
"Class1",21,69.641,63,38.914,22.979,12.215,"I",92.836,65,16.575,"G"
"Class4",95,19.631,6,18.6,61.839,27.455,"V",74.568,54,34.449,"O"
"Class2",30,29.531,27,91.447,82.841,82.153,"C",61.013,76,16.764,"D"
"Class1",22,82.495,72,29.13,43.136,21.399,"W",92.601,56,17.54,"V"
"Class3",50,55.561,27,83.295,37.688,65.263,"K",41.349,61,65.072,"E"
"Class1",54,68.076,70,81.034,NA,16.071,"K",94.158,64,17.258,"V"
"Class3",61,58.927,39,72.185,31.181,42.674,"W",58.133,62,64.866,"E"
"Class5",82,62.598,24,29.368,19.196,67.482,"D",30.38,79,77.999,"M"
"Class5",81,61.843,32,27.326,NA,65.769,"A",88.473,68,80.773,"J"
"Class3",51,76.068,71,91.206,37.743,63.434,"A",66.867,62,51.885,"M"
"Class3",35,76.744,75,62.255,51.553,74.786,"F",67.277,58,76.527,"K"
"Class5",80,66.597,34,28.955,14.02,90.174,"Y",88.25,53,77.472,"I"
"Class5",79,70.031,40,34.487,62.419,52.723,"K",35.946,79,79.024,"I"
"Class2",31,46.367,26,94.493,84.239,82.351,"M",68.622,69,9.666,"E"
"Class1",16,67.49,70,82.125,58.719,6.8,"X",92.045,60,17.828,"V"
"Class2",35,4.756,25,67.254,69.875,81.413,"R",61.675,64,8.6,"F"
"Class3",50,75.39,55,77.438,36.18,66.674,"A",59.075,59,76.595,"E"
"Class1",50,68.63,59,47.174,43.002,13.084,"I",94.179,67,17.499,"P"
"Class5",81,63.678,49,15.427,54.856,41.811,"A",33.938,59,80.152,"I"
"Class1",34,73.78,68,80.344,16.843,27.146,"W",93.875,59,17.881,"Q"
"Class3",50,74.178,32,67.836,38.707,46.952,"F",77.019,58,76.853,"K"
"Class1",55,72.351,74,89.925,63.313,15.316,"I",93.866,63,17.71,"P"
"Class5",83,78.923,46,21.494,20.583,116.425,"K",49.153,78,82.415,"I"
"Class4",98,46.228,63,6.203,87.928,40.938,"P",76.071,58,38.429,"B"
"Class1",28,66.167,62,66.487,32.12,19.54,"H",92.735,68,17.866,"Q"
"Class3",58,71.812,30,70.354,36.55,51.807,"F",15.34,61,26.281,"M"
"Class4",92,39.947,66,23.492,56.636,52.058,"P",72.977,46,27.28,"H"
"Class2",49,17.703,27,61.35,67.456,83.085,"R",67.063,73,9.278,"D"
"Class1",60,79.917,61,7.173,57.551,20.774,"I",94.604,52,16.938,"Q"
"Class2",42,21.694,25,78.587,81.525,83.447,"C",63.297,44,14.807,"D"
"Class3",25,66.388,47,91.707,41.678,75.141,"Y",46.062,63,60.499,"K"
"Class2",32,41.719,26,69.675,77.541,80.69,"C",67.991,63,7.484,"D"
"Class5",83,74.075,28,10.296,18.303,60.222,"D",86.591,67,83.894,"P"
"Class5",74,53.316,42,28.142,27.613,64.281,"D",71.658,68,72.72,"J"
"Class4",90,22.521,23,12.517,75.907,39.204,"Z",28.725,19,15.719,"I"
"Class2",41,-2.825,25,65.657,69.704,83.587,"C",58.655,30,6.023,"F"
"Class5",78,65.376,49,12.223,73.91,84.785,"H",64.444,52,74.658,"W"
"Class4",89,29.975,57,5.75,95,52.893,"N",86.203,35,13.359,"O"
"Class3",64,59.093,56,74.688,55.812,68.374,"Y",19.998,61,NA,"M"
"Class3",45,77.986,45,70.443,38.553,51.481,"W",60.076,61,72.819,"Q"
"Class4",94,30.339,52,7.385,90.917,35.216,"N",39.137,46,-0.299,"B"
"Class5",76,69.657,45,22.736,71.888,96.999,"H",56.64,75,73.642,"M"
"Class4",93,34.412,13,13.607,82.287,49.009,"P",19.936,14,8.987,"H"
"Class4",98,26.979,57,15.581,84.717,41.617,"N",48.601,57,33.867,"O"
"Class2",48,11.432,27,73.629,79.318,83.604,"C",65.011,69,1.664,"D"
"Class2",40,34.068,26,77.418,74.54,81.993,"C",62.289,64,8.427,"E"
"Class4",95,29.265,32,18.66,70.341,37.701,"N",21.843,41,23.735,"O"
"Class4",92,43.069,8,5.902,62.071,34.367,"N",98.21,69,3.988,"I"
"Class3",45,69.459,68,84.914,42.556,52.97,"F",48.97,59,93.425,"M"
"Class4",98,44.31,38,9.163,59.85,57.584,"N",58.289,37,7.938,"H"
"Class1",17,75.11,73,10.102,38.291,15.782,"H",94.677,50,17.969,"V"
"Class5",79,72.047,42,35.938,40.098,88.087,"A",38.006,56,78.359,"M"
"Class2",41,19.145,25,98.319,81.277,83.498,"R",64.359,39,11.663,"D"
"Class4",98,27.258,16,7.824,58.542,23.184,"C",69.933,18,39.262,"B"
"Class4",97,50.284,29,23.834,96.863,35.107,"N",49.132,60,26.763,"Q"
"Class2",53,43.143,26,91.221,70.22,83.87,"H",68.006,84,6.489,"D"
"Class1",33,73.95,69,26.335,34.028,22.427,"K",92.426,64,NA,"Q"
"Class3",67,64.89,39,87.765,42.569,62.665,"A",79.42,61,74.685,"M"
"Class5",80,58.077,49,26.777,50.102,97.661,"K",64.399,64,80.061,"J"
"Class5",80,68.992,32,25.283,16.226,56.755,"D",28.956,51,78.907,"I"
"Class1",42,90.158,74,83.914,54.899,30.838,"W",93.239,49,17.676,"Y"
"Class4",94,21.566,11,15.739,58.456,48.019,"Z",66.707,47,NA,"Q"
"Class5",82,62.109,22,28.295,45.653,55.328,"D",82.842,61,81.441,"J"
"Class2",43,28.264,26,98.991,82.006,82.964,"X",63.079,51,14.288,"D"
"Class1",54,72.654,71,34.219,24.527,15.846,"I",94.701,58,17.901,"P"
"Class2",41,32.493,25,69.082,68.693,83.069,"C",59.627,64,9.363,"E"
"Class3",54,70.354,69,65.175,NA,59.054,"Y",64.553,58,96.373,"K"
"Class2",30,25.314,27,81.362,86.759,81.782,"C",60.512,65,17.685,"C"
"Class2",45,16.151,27,84.934,80.527,82.811,"M",61.626,29,8.058,"E"
"Class1",47,97.253,65,28.111,33.442,23.749,"W",92.832,52,17.64,"Y"
"Class3",49,58.74,53,61.487,54.499,27.263,"F",47.975,58,75.511,"K"
"Class1",41,69.266,74,93.448,59.892,12.701,"K",92.067,66,17.45,"Y"
"Class5",76,70.596,43,20.248,15.987,91.086,"A",27.998,83,74.765,"M"
"Class4",91,39.731,58,7.874,NA,42.031,"Z",26.65,58,27.379,"B"
"Class1",39,80.188,67,42.757,22.071,19.045,"I",93.471,57,17.563,"V"
"Class4",88,39.146,46,16.15,56.43,45.028,"N",69.465,15,20.706,"Q"
"Class1",37,83.587,66,51.165,57.36,27.56,"K",92.619,64,16.979,"P"
"Class4",98,30.238,68,19.389,89.836,41.495,"P",85.251,15,11.893,"B"
"Class5",78,55.913,46,13.068,25.958,56.194,"D",56.826,69,78.836,"I"
"Class1",59,80.98,73,75.684,63.032,25.824,"W",92.216,70,17.864,"P"
"Class4",90,42.704,72,16.175,78.035,37.65,"C",50.429,48,5.345,"Q"
"Class5",84,82.424,42,32.097,18.261,93.868,"K",36.371,70,80.685,"J"
"Class4",90,40.422,57,13.597,70.849,39.275,"P",10.839,57,20.696,"I"
"Class4",98,25.626,61,4.314,85.056,18.893,"N",24.979,60,37.079,"O"
"Class1",37,62.869,67,88.048,64.453,14.425,"X",92.523,63,17.301,"V"
"Class1",57,75.183,65,57.936,42.116,14.73,"I",94.55,58,17.599,"V"
"Class1",23,77.771,63,67.757,38.999,10.144,"W",92.812,49,17.63,"Q"
"Class5",75,66.476,24,33.633,42.39,65.896,"K",67.114,66,78.573,"P"
"Class4",98,33.413,28,13.467,62.44,28.78,"Z",60.662,22,15.669,"I"
"Class4",94,34.542,57,7.392,70.773,57.434,"V",39.418,50,12.513,"I"
"Class2",36,12.215,25,72.462,87.956,80.663,"X",57.211,76,3.624,"D"
"Class2",41,14.043,27,86.841,77.447,83.205,"X",70.178,39,20.946,"C"
"Class2",43,49.778,25,77.966,74.663,81.876,"M",57.404,67,9.381,"E"
"Class4",94,23.509,22,10.582,92.5,25.422,"Z",99.388,24,31.89,"O"
"Class2",43,20.937,25,87.049,NA,81.651,"H",59.386,57,8.814,"E"
"Class3",71,72.97,68,83.891,34.082,59.1,"Y",45.242,59,71.597,"E"
"Class1",31,71.717,63,30.469,61.36,13.009,"H",92.556,53,NA,"V"
"Class4",95,27.051,26,17.687,NA,44.675,"P",57.964,55,19.604,"I"
"Class4",91,34.297,81,16.08,79.464,44.435,"C",43.52,17,13.246,"O"
"Class1",24,65.064,62,68.883,22.548,11.009,"I",92.062,66,17.533,"G"
"Class1",58,78.346,74,12.643,44.662,15.817,"H",94.592,59,17.423,"P"
"Class3",45,75.057,58,87.139,54.944,49.961,"K",19.583,60,65.146,"Q"
"Class3",54,71.707,73,90.854,NA,61.096,"Y",50.384,61,NA,"E"
"Class2",46,24.825,27,74.693,73.588,84.049,"M",61.768,83,7.791,"F"
"Class5",83,62.995,38,10.447,78.674,56.712,"A",78.678,79,73.381,"J"
"Class4",90,26.782,27,15.032,66.136,47.414,"C",73.556,68,23.505,"B"
"Class4",94,33.805,51,19.568,94.569,29.601,"P",50.149,59,NA,"O"
"Class4",87,25.415,36,21.988,NA,49.654,"Z",66.379,72,31.522,"I"
"Class3",15,57.885,71,72.676,38.665,67.117,"K",39.002,62,86.156,"E"
"Class4",89,16.628,53,23.105,71.443,39.513,"N",81.011,14,28.781,"H"
"Class2",31,22.955,25,74.125,79.574,83.828,"H",64.093,81,9.718,"E"
"Class2",47,29.454,26,83.936,67.06,83.838,"X",63.461,61,10.752,"D"
"Class5",83,72.774,28,16.978,28.878,28.96,"H",94.677,69,78.96,"M"
"Class1",22,72.011,58,61.184,19.833,4.646,"I",94.179,64,17.746,"G"
"Class2",52,27.019,26,65.912,79.689,83.105,"X",65.488,35,8.859,"E"
"Class1",38,108.274,63,42.64,19.747,15.412,"I",94.425,65,17.77,"Y"
"Class1",45,59.722,67,48.45,18.871,12.676,"W",92.636,53,18.091,"V"
"Class5",76,56.805,44,16.538,NA,66.293,"K",13.666,70,74.264,"I"
"Class1",53,74.69,62,16.753,19.176,9.909,"H",92.299,45,17.613,"V"
"Class1",10,76.464,65,14.275,NA,11.766,"X",92.737,70,17.413,"Y"
"Class4",89,26.416,11,5.007,NA,15.279,"V",74.26,63,NA,"H"
"Class2",38,33.385,26,68.203,74.181,80.719,"M",63.265,77,7.511,"F"
"Class1",26,82.499,75,75.237,46.585,12.972,"I",94.678,53,17.771,"V"
"Class1",25,93.547,74,31.907,20.686,10.127,"I",93.217,53,17.873,"P"
"Class1",18,69.892,59,78.077,34.478,22.151,"K",92.267,66,17.59,"Q"
"Class1",45,77.227,62,42.314,18.435,29.822,"W",93.097,57,17.358,"V"
"Class5",84,66.609,27,29.925,30.085,68.977,"D",31.713,64,NA,"M"
"Class4",87,34.993,56,20.624,89.037,41.993,"C",45.84,45,29.83,"O"
"Class2",42,29.737,25,70.57,75.561,83.959,"M",61.153,43,13.209,"C"
"Class4",98,44.957,58,11.608,78.942,34.561,"C",95.926,38,-1.63,"H"
"Class2",32,18.637,26,67.241,69.83,82.223,"H",64.372,53,10.311,"S"
"Class1",57,82.583,63,14.028,16.957,18.018,"K",92.052,68,17.471,"P"
"Class3",38,68.039,43,85.237,38.467,64.374,"K",79.603,61,78.939,"E"
"Class5",80,62.497,30,27.575,43.782,55.565,"H",76.128,60,78.04,"P"
"Class2",49,25.508,27,71.623,73.498,81.667,"X",59.268,57,12.229,"S"
"Class3",57,58.728,41,71.887,52.449,81.313,"F",65.98,61,95.168,"M"
"Class3",67,72.009,28,65.395,54.475,39.799,"F",16.867,63,76.321,"K"
"Class2",44,40.745,27,92.005,77.09,81.964,"H",66.11,72,0.684,"D"
"Class4",90,34.786,80,23.016,94.891,29.311,"V",17.874,65,19.68,"B"
"Class2",36,10.14,27,89.489,75.168,83.3,"M",62.359,62,2.216,"S"
"Class3",65,60.926,64,78.734,30.912,43.544,"W",73.961,58,55.957,"E"
"Class1",57,100.846,63,25.538,30.369,36.389,"K",92.302,68,18.074,"G"
"Class2",31,3.923,26,71.184,85.929,83.586,"H",66.878,64,3.831,"E"
"Class1",34,76.213,59,64.944,27.483,13.994,"X",92.247,47,17.588,"Y"
"Class4",92,40.841,29,22.38,54.855,56.498,"N",13.764,52,22.207,"I"
"Class3",72,81.814,51,78.502,34.256,55.86,"W",24.798,60,71.336,"A"
"Class1",51,66.892,73,56.358,26.468,15.176,"X",94.031,54,17.354,"Y"
"Class1",58,71.882,60,16.211,63.4,22.7,"I",92.392,59,17.594,"Q"
"Class2",47,34.105,26,94.727,75.649,81.161,"M",57.006,39,4.043,"S"
"Class4",94,45.27,32,6.785,61.699,38.6,"P",23.855,50,11.351,"Q"
"Class5",76,65.564,23,17.933,50.302,59.884,"Y",20.985,52,78.202,"W"
"Class4",98,35.504,37,21.657,57.385,49.059,"V",76.881,31,16.481,"O"
"Class4",95,33.212,55,11.416,75.545,42.479,"Z",96.354,29,1.721,"Q"
"Class3",17,75.873,38,91.262,30.531,82.139,"W",22.309,58,87.023,"M"
"Class3",61,70.79,34,61.544,30.94,28.71,"W",26.82,63,94.343,"Q"
"Class2",44,49.318,25,82.679,69.904,81.745,"C",70.968,56,11.818,"S"
"Class4",87,34.924,76,5.275,81.071,44.121,"P",87.619,52,16.446,"I"
"Class5",82,68.711,45,35.949,78.406,84.71,"A",51.362,66,81.283,"P"
"Class1",16,84.395,65,64.166,46.633,16.248,"K",94.969,43,16.984,"P"
"Class2",43,19.743,26,76.557,73.694,82.268,"M",70.26,53,15.315,"C"
"Class5",74,65.109,42,18.687,41.213,89.76,"D",19.645,79,76.04,"J"
"Class1",12,63.849,71,26.499,15.74,17.025,"H",93.355,56,17.717,"G"
"Class1",36,74.035,64,66.832,61.069,20.079,"I",93.737,52,17.031,"P"
"Class5",77,69.036,47,21.391,14.287,76.877,"Y",54.618,55,77.027,"I"
"Class5",81,79.618,45,31.35,33.08,65.719,"D",43.468,78,77.395,"P"
"Class1",50,65.547,61,20.609,23.25,20.313,"K",92.734,45,17.442,"V"
"Class3",52,64.485,60,77.611,48.926,53.142,"K",20.965,60,85.252,"K"
"Class3",70,61.538,29,80.382,39.796,55.179,"Y",55.067,59,79.972,"Q"
"Class5",79,64.132,36,18.838,26.126,80.673,"A",55.858,65,74.793,"M"
"Class3",48,74.912,75,67.017,32.765,33.325,"W",45.089,58,NA,"M"
"Class2",30,11.324,25,87.374,84.091,83.725,"C",64.416,76,NA,"S"
"Class1",9,100.065,74,97.118,34.08,5.214,"X",92.224,51,17.346,"G"
"Class4",98,43.198,38,17.256,89.493,37.83,"N",96.992,65,NA,"B"
"Class5",76,71.804,33,23.066,64.201,58.218,"A",59.307,76,80.09,"P"
"Class2",37,18.658,25,72.042,71.63,81.48,"C",57.882,82,7.034,"C"
"Class1",43,99.043,75,29.923,56.504,19.525,"K",92.14,68,17.421,"Q"
"Class1",60,70.899,62,31.224,49.304,16.915,"I",93.114,46,17.457,"P"
"Class5",81,45.988,44,26.908,22.367,91.421,"K",78.184,52,77.421,"J"
"Class2",34,24.302,27,61.953,75.078,84.227,"C",66.945,59,10.261,"C"
"Class4",92,23.017,31,6.294,75.051,39.67,"P",13.808,57,8.84,"B"
"Class4",98,32.26,79,20.086,88.224,36.627,"Z",74.254,17,NA,"O"
"Class2",40,8.284,26,97.824,82.496,80.089,"R",64.376,47,11.592,"S"
"Class3",55,80.776,57,84.349,46.049,63.696,"K",72.064,60,69.599,"A"
"Class3",22,72.52,66,84.851,54.289,47.555,"F",65.288,63,53.238,"K"
"Class2",37,11.695,26,99.49,87.382,80.086,"X",69.882,51,9.225,"D"
"Class1",35,75.096,66,26.398,16.903,9.676,"K",94.906,64,NA,"Y"
"Class2",50,18.169,25,72.029,79.982,83.415,"X",57.902,45,7.745,"D"
"Class1",45,70.173,58,59.772,25.933,17.133,"H",94.773,64,17.31,"Q"
"Class1",50,83.651,68,85.214,60.403,18.003,"K",92.262,51,17.854,"G"
"Class1",8,98.771,70,37.759,45.734,19.958,"H",93.753,52,17.936,"Q"
"Class1",57,71.164,74,41.731,31.492,20.592,"H",92.957,51,17.607,"Y"
"Class3",45,59.439,44,78.288,46.911,54.445,"F",60.719,61,64.481,"K"
"Class5",76,59.552,44,20.354,68.201,77.106,"H",31.59,67,78.48,"I"
"Class1",9,65.004,73,7.569,16.118,13.643,"K",94.036,61,17.244,"V"
"Class1",33,76.548,69,24.524,22.715,20.893,"I",93.166,56,17.261,"Q"
"Class5",79,65.465,48,10.076,73.614,49.238,"A",89.719,57,NA,"I"
"Class3",30,69.823,35,79.185,55.999,48.927,"F",25.601,60,102.536,"K"
"Class4",88,34.128,56,6.349,61.534,15.871,"C",76.608,47,19.578,"Q"
"Class5",80,62.621,37,24.241,62.963,61.861,"A",83.918,55,76.182,"J"
"Class2",35,32.673,27,71.048,70.675,83.252,"R",61.2,38,NA,"S"
"Class1",40,77.842,72,43.327,63.164,12.463,"W",92.117,51,17.759,"P"
"Class2",50,4.543,26,76.882,70.598,81.509,"R",57.792,73,3.031,"C"
"Class2",40,32.939,25,63.316,68.181,82.821,"M",60.126,60,8.606,"D"
"Class3",62,58.738,73,66.776,45.531,60.615,"A",54.937,59,67.741,"E"
"Class4",96,14.385,68,19.232,95.742,48.424,"P",47.996,49,25.24,"Q"
"Class5",80,69.324,46,28.091,55.685,61.165,"Y",27.8,67,77.596,"P"
"Class5",74,70.781,42,29.066,78.46,58.651,"K",45.505,71,77.028,"J"
"Class4",92,41.243,7,22.365,72.29,22.425,"Z",99.924,69,34.108,"I"
"Class3",47,66.715,43,75.122,53.925,74.499,"A",59.998,62,NA,"E"
"Class5",74,68.382,50,33.807,21.338,70.636,"H",54.509,67,73.806,"J"
"Class2",36,10.845,25,82.66,68.617,83.986,"C",69.393,74,5.592,"F"
"Class1",35,82.508,62,33.68,27.255,12.723,"H",92.547,48,17.814,"V"
"Class2",53,28.491,25,67.35,69.849,81.65,"X",59.148,33,6.362,"F"
"Class4",92,34.62,11,10.696,90.492,38.873,"V",22.883,47,25.766,"B"
"Class4",87,33.283,55,7.246,58.922,42.97,"C",29.873,61,48.531,"Q"
"Class4",90,30.79,77,18.03,57.783,21,"N",83.423,46,42.938,"O"
"Class5",82,55.633,42,23.951,61.725,60.134,"D",65.124,66,79.701,"I"
"Class2",32,26.15,27,96.696,74.538,81.802,"C",67.313,79,13.126,"F"
"Class1",26,77.366,69,64.357,18.333,17.169,"W",94.539,70,18.169,"P"
"Class5",75,72.847,39,25.885,78.546,57.232,"Y",63.333,54,NA,"I"
"Class4",98,34.653,50,8.905,88.398,56.009,"N",50.129,22,-0.938,"H"
"Class5",82,58.936,33,22.909,16.965,94.408,"H",75.72,57,75.834,"J"
"Class4",87,32.118,15,18.292,90.74,47.785,"N",29.861,15,24.466,"Q"
"Class2",49,30.395,26,92.467,82.283,83.103,"R",58.731,80,10.764,"S"
"Class3",14,67.341,68,82.213,51.394,73.774,"W",35.235,63,45.628,"M"
"Class5",77,60.524,50,19.834,39.371,67.962,"Y",46.07,69,80.04,"J"
"Class5",78,74.72,39,13.547,31.013,68.635,"A",90.91,75,77.402,"I"
"Class4",92,31.819,66,11.665,56.028,19.506,"P",54.102,39,NA,"B"
"Class4",87,31.342,50,6.27,60.488,70.75,"C",28.847,46,35.656,"B"
"Class1",12,82.815,71,94.417,40.372,15.617,"K",94.989,55,17.577,"Y"
"Class3",69,72.987,70,90.28,30.437,63.282,"W",35.618,60,62.533,"K"
"Class5",75,69.51,37,13.969,15.451,57.63,"A",32.233,75,76.717,"J"
"Class1",28,83.069,75,24.196,34.809,10.934,"X",92.723,43,17.938,"G"
"Class2",36,36.963,26,95.046,87.189,81.531,"R",69.942,74,11.559,"F"
"Class1",10,75.49,64,11.15,63.437,15.117,"H",94.694,70,16.453,"Y"
"Class3",69,63.207,62,67.308,53.679,79.875,"A",11.9,61,80.22,"Q"
"Class5",82,78.486,43,26.5,59.584,77.021,"H",32.092,62,77.602,"P"
"Class1",50,86.791,61,22.241,52.615,19.101,"K",93.818,43,17.352,"P"
"Class4",94,35.606,49,24.499,NA,57.088,"N",22.769,66,61.924,"Q"
"Class5",76,57.913,33,20.146,30.199,67.233,"D",52.105,78,75.354,"P"
"Class2",51,20.396,25,70.808,NA,82.397,"C",60.801,50,6.949,"C"
"Class5",78,69.254,48,32.872,32.185,49.008,"D",92.434,57,78.537,"I"
"Class1",18,80.805,68,75.043,35.674,12.077,"H",93.269,48,17.482,"Q"
"Class1",34,89.82,61,58.317,63.973,9.228,"H",93.952,64,17.129,"V"
"Class4",94,20.019,65,14.092,54.664,37.231,"C",75.704,65,29.107,"H"
"Class3",42,72.257,78,71.411,45.786,45.194,"K",12.461,61,66.785,"A"
"Class2",47,8.336,26,75.427,68.161,82.644,"C",57.939,77,11.667,"C"
"Class2",54,18.808,25,84.765,71.315,82.8,"R",67.654,56,8.58,"C"
"Class3",55,52.939,72,64.177,40.302,81.647,"Y",78.631,60,66.744,"K"
"Class3",15,63.012,38,89.249,37.812,40.444,"F",19.069,60,64.326,"Q"
"Class3",57,59.796,55,83.376,48.9,52.741,"A",43.571,62,50.847,"K"
"Class5",75,52.092,29,22.773,54.263,51.856,"K",52.267,68,80.963,"W"
"Class4",88,36.02,18,15.866,66.498,55.176,"N",34.172,26,29.49,"B"
"Class1",25,79.998,63,83.107,18.829,17.628,"W",94.303,65,17.773,"G"
"Class5",76,63.26,33,26.091,56.339,76.511,"K",18.93,54,76.398,"P"
"Class3",17,67.643,67,83.788,47.733,27.598,"F",75.005,58,66.802,"K"
"Class3",53,77.849,31,61.695,39.313,34.658,"F",65.668,63,74.342,"E"
"Class4",95,34.172,50,15,66.082,26.834,"Z",60.765,69,42.565,"Q"
"Class3",15,69.408,46,68.129,41.132,45.692,"K",67.755,59,96.37,"Q"
"Class5",80,65.767,50,36.297,35.883,57.931,"A",17.554,56,74.959,"I"
"Class1",20,69.022,75,11.8,53.958,16.214,"I",93.781,58,17.266,"V"
"Class5",80,56.737,35,10.915,78.244,67.818,"K",60.243,66,78.417,"P"
"Class5",83,49.188,28,23.357,71.245,88.457,"Y",53.123,67,83.852,"J"
"Class1",60,48.74,61,32.342,54.696,22.603,"I",93.283,45,17.234,"Q"
"Class2",54,37.616,26,67.289,73.517,83.347,"X",68.034,82,12.737,"S"
"Class4",95,20.127,52,16.435,65.829,43.708,"C",22.942,68,26.024,"O"
"Class2",39,48.23,25,89.382,79.501,84.282,"C",69.679,82,15.631,"E"
"Class5",75,67.881,27,15.715,55.702,76.816,"H",43.407,83,74.707,"P"
"Class4",97,21.063,30,15.583,68.304,45.028,"Z",73.497,32,48.513,"H"
"Class3",37,52.521,45,72.074,41.283,45.416,"Y",12.462,63,74.556,"M"
"Class5",82,77.423,23,24.112,35.529,69.967,"H",16.495,72,77.603,"J"
"Class5",84,67.643,38,11.675,75.663,67.271,"D",81.601,63,74.404,"I"
"Class3",36,80.34,49,89.352,42.617,45.26,"Y",62.15,61,68.059,"M"
"Class4",91,22.72,44,19.636,73.236,46.051,"N",50.152,66,10.558,"Q"
"Class3",69,69.299,72,88.082,39.246,48.111,"W",46.816,63,52.086,"A"
"Class3",20,53.23,49,69.564,30.939,62.235,"A",12.666,62,75.624,"Q"
"Class3",19,58.376,59,69.687,43.753,51.35,"A",73.583,58,78.044,"Q"
"Class1",46,75.199,60,67.529,26.329,6.56,"W",94.965,68,17.385,"Y"
"Class4",95,38.551,66,21.376,57.686,41.913,"V",11.991,36,23.096,"Q"
"Class5",74,75.91,41,23.012,51.179,63.85,"K",31.005,51,80.013,"J"
"Class1",24,81.076,74,36.108,37.436,15.259,"I",92.089,49,17.597,"P"
"Class5",78,64.59,34,35.174,51.971,50.594,"A",33.552,57,81.85,"I"
"Class3",12,79.383,28,71.393,39.799,68.115,"F",67.438,62,53.915,"A"
"Class1",36,88.512,63,12.865,43.673,19.107,"I",94.196,59,17.687,"Q"
"Class4",90,20.707,25,20.712,81.146,36.732,"C",28.492,52,8.022,"Q"
"Class5",80,49.294,41,26.339,71.691,59.782,"K",24.664,70,78.429,"J"
"Class3",35,69.797,29,88.927,51.271,60.238,"W",31.773,62,77.986,"K"
"Class3",56,67.632,35,89.921,40.423,41.767,"A",74.864,59,76.211,"E"
"Class1",36,75.889,67,90.883,31.351,20.602,"H",94.529,67,17.257,"Q"
"Class1",52,84.251,69,14.305,38.853,14.828,"H",93.031,67,17.236,"Y"
"Class3",54,71.494,43,73.022,30.251,46.506,"A",33.945,62,77.15,"Q"
"Class3",72,60.201,52,77.429,54.399,56.144,"W",48.775,61,86.227,"Q"
"Class2",44,22.584,27,81.639,81.888,83.176,"C",57.155,58,12.344,"D"
"Class3",66,50.773,65,81.311,50.224,54.813,"K",11.175,59,NA,"A"
"Class2",40,34.603,26,74.599,80.753,84.339,"R",58.967,68,7.892,"C"
"Class3",46,60.103,40,69.134,34.642,52.631,"F",45.799,58,76.741,"E"
"Class5",78,72.357,38,23.298,23.343,84.431,"Y",76.294,75,74.473,"W"
"Class4",89,33.957,44,8.048,87.135,35.587,"N",54.5,22,33.079,"H"
"Class5",74,59.503,37,21.991,38.331,63.889,"D",26.927,63,79.883,"I"
"Class5",76,67.993,33,15.433,59.748,80.887,"A",45.991,61,76.923,"I"
"Class5",75,69.569,34,22.084,22.336,71.337,"Y",44.83,58,75.921,"W"
"Class4",93,36.583,28,21.954,58.441,45.846,"C",13.776,16,19.926,"Q"
"Class1",29,70.655,64,52.793,62.893,19.746,"X",92.672,62,16.99,"Y"
"Class1",41,99.955,67,45.596,22.86,11.24,"I",92.18,48,17.599,"P"
"Class2",49,20.243,25,68.35,69.725,81.118,"H",69.443,49,9.839,"F"
"Class2",43,38.421,27,68.48,71.178,81.666,"C",63.27,51,NA,"S"
"Class5",76,58.173,47,24.719,13.633,85.995,"A",71.845,64,78.154,"J"
"Class5",84,69.802,39,19.763,71.707,63.853,"H",27.595,74,76.022,"I"
"Class2",40,28.058,25,87.624,74.015,82.048,"X",68.589,32,12.004,"C"
"Class5",76,64.616,36,19.295,NA,84.643,"Y",89.045,77,78.083,"I"
"Class2",53,27.136,26,98.204,71.558,82.564,"X",60.755,55,-0.597,"C"
"Class3",21,66.918,67,91.848,50.236,60.14,"F",36.091,59,94.761,"Q"
"Class4",95,19.985,35,14.048,92.296,42.391,"Z",88.081,71,44.221,"Q"
"Class4",96,40.978,10,15.116,80.93,59.601,"P",39.918,31,NA,"O"
"Class5",75,50.791,35,26.439,75.766,57.789,"Y",56.537,83,78.534,"M"
"Class1",39,86.605,60,38.58,24.963,14.71,"K",94.117,67,18.078,"P"
"Class4",87,16.371,75,17.326,57.266,38.307,"P",14.143,72,19.346,"Q"
"Class4",89,38.609,57,18.575,61.347,52.001,"C",80.535,63,20.102,"I"
"Class2",49,4.464,25,98.645,85.936,81.603,"X",60.183,72,19.066,"D"
"Class1",53,54.154,70,24.284,40.846,13.955,"X",93.369,45,17.627,"Y"
"Class5",83,53.095,29,25.902,44.184,89.321,"K",30.581,69,78.631,"M"
"Class3",67,67.679,73,71.715,NA,22.124,"K",30.828,60,81.925,"K"
"Class1",38,76.077,58,6.124,22.325,12.195,"I",94.393,69,17.666,"Y"
"Class3",58,72.478,57,76.941,34.459,64.362,"K",25.94,63,73.4,"M"
"Class2",53,21.977,27,66.858,79.204,82.977,"M",62.629,49,11.315,"E"
"Class2",50,16.452,27,78.414,81.888,81.651,"H",58.672,32,7.751,"C"
"Class1",14,66.997,59,75.756,43.671,21.436,"H",94.409,57,17.188,"P"
"Class5",77,59.598,36,19.366,71.668,78.408,"A",27.539,68,79.017,"M"
"Class3",52,58.589,72,65.587,48.423,48.304,"A",15.133,60,NA,"M"
"Class4",95,40.617,79,21.605,93.155,36.97,"V",22.618,17,33.909,"B"
"Class1",54,80.119,68,28.845,59.714,11.982,"H",92.452,45,17.178,"Y"
"Class4",92,20.313,55,21.393,88.48,43.793,"V",16.759,48,21.39,"O"
"Class1",34,67.038,64,20.189,55.596,27.295,"K",93.232,70,16.93,"Q"
"Class5",79,76.699,27,31.46,38.934,67.154,"K",28.784,67,80.421,"W"
"Class2",36,34.048,27,64.757,82.6,83.515,"M",57.287,73,16.114,"D"
"Class4",95,36.84,65,11.609,70.826,43.859,"V",71.654,28,28.395,"H"
"Class1",25,90.974,60,54.959,52.191,20.755,"X",93.875,52,17.825,"Y"
"Class3",18,63.034,34,91.283,39.018,29.907,"Y",53.352,62,50.639,"Q"
"Class4",96,35.683,26,16.629,58.989,26.144,"C",65.641,48,21.696,"Q"
"Class1",15,62.264,64,95.719,40.504,8.606,"K",94.496,68,NA,"G"
